10011011001;0110,1001,1001,0,10,11
0100110100001100010100010010011111111100000111000110110000110100010;100010,11,1010,011,11101,00,01,0001,00,100
00010100111011011011001111001111001101110001101001011111010100000001;1011,0011,00010,11100,110011,100011
01000000011010011111010110101100001111001010100110010111110101000111000010010;00011,10000,0100,0110,01100,111
001110010100010111100011000111111100000110000010100000101001100110000110101;011010,01100,01011,1000,111,11,100,10000
0101011101011011010111001111101100001000110111000111010001000100100101;0001,011,11,10,101,0010,01111,1100
10100101101110011000;10,111,00,10,010,00
00000101000101010010000101101011111000100011100100111011001001100111111001001;000,000,010101,000,100000,1100
10101110010101110111010111110010001010011010010011111111110101000001110;1111,10100,000100,00011,1011,0111,110,0010,100,101000
0001111110110101011101110100100010100110000010011010110001101111101111111100001;00010,11,000001,000111,10,00000,000,111000
01000100001010100101011101110111001111010000010101101011011101101101010;100,10000,11,101,110,0001,11,00010
11100100011111010011000110000001011110111010110100001001010011101111010110100101;111,01101,1001,10001,010,10101,011,0110,111011,00
1011110010010001011010100110001001011111000000001111011010101000011100;110,000,0110,10,000,110100,100001,11,010000,100001
01011011111011001111111011000001101011100001101110101101100010011010110100100;101111,100,1101,1111,111,0010,10001,00110
1000101111010011001011011011001011001010101010100001100110001011111001000000111;110,0000,1010,0011,11,011111,11,0111,1111,011
0000110000001100011100101001100010011011011111001011010111000001011100100101011;10,11,1101,01111,00,00,111,100,011,100
1011101011000110111001010010010111010100100110101000111100001101010010111;00,101001,0011,0010,11,1100
0101110000101010001111111110001100110110101011000111100111000000100001000;10,0101,000,01011,01010,101,01011,001000
011110011111001011110101011011000100010001000100010010111111100101110010000100;010011,010011,01001,0101,001,011,01,110001,100000,0011
10010011000000011100100000110100000000001101111010100110010011010;00011,10,10111,00,110011,00,110010,00
1010011111110101101101011101000001010111111100000010100001101100110111001;00001,010,0100,110110,11101,01100
0001011101110111001101100011110100011011111011111010010011111101010010;0001,10,11011,101111,10001,1000
